
0 123 246 123 0 0 141 141 
141 0 142 143 141 0 143 142 
155 0 118 182 45 0 237 118 246 246 0 0 27 246 91 45 
141 0 0 141 203 246 41 111 70 0 123 176 203 246 223 153 


private static List<List<Integer>> newtable = new ArrayList<>(List.of(
            List.of(2,2,1,3,3,3,3,1,1,1,3,1,1,1,3,3),
            List.of(3,2,1,2,2,3,2,3,2,1,2,1,3,1,3,1),
            List.of(3,2,1,1,3,2,2,1,1,2,2,2,3,3,2,2),
            List.of(1,1,2,1,3,2,3,1,3,2,2,2,3,1,2,1),
            List.of(1,3,3,2,1,1,3,1,1,2,2,2,1,1,2,3),
            List.of(2,3,3,2,2,2,3,3,1,1,1,3,3,1,3,1),
            List.of(1,3,3,2,1,2,1,2,3,3,3,2,2,3,3,2),
            List.of(3,3,2,3,3,1,1,1,2,3,3,1,1,2,1,2),
            List.of(3,1,3,2,2,2,2,3,2,3,2,1,2,1,1,3),
            List.of(3,2,1,2,3,1,3,2,3,1,3,1,1,1,1,1)

    ));